-21.295032 -22.146773 -18.281114
-22.926864 -22.226376 -108.244387
-23.072394 -21.876882 -108.240922
-22.852530 -21.155746 -70.673092
-18.922705 -19.280089 -17.405106
-19.334618 -19.981722 -107.084894
-21.432621 -19.187419 -23.740444
-20.005720 -19.664507 -17.762970
-18.638313 -18.886640 -15.746579
-18.758127 -19.870204 -107.067732
-18.479825 -18.712997 -21.200554
-18.327171 -18.804367 -53.809447
-16.479236 -16.211222 -14.666224
-15.777315 -17.180339 -67.337598
-16.652819 -15.836639 -22.180791
-16.085049 -16.372255 -15.482390
-14.932571 -14.648451 -105.878415
-14.976568 -14.484134 -104.655074
-14.826068 -14.464456 -16.223027
-15.015845 -15.402995 -13.271763
-13.269066 -13.145284 -12.148921
-13.233993 -13.312557 -15.292410
-13.716699 -13.226960 -14.509055
-13.308423 -12.760195 -12.262811
-12.036903 -12.152817 -104.064697
-12.108075 -12.098611 -104.006124
-12.023589 -11.616536 -13.389508
-12.036972 -11.782525 -10.100923
-10.228501 -10.562498 -9.087935
-10.218188 -10.619005 -11.844480
-10.273927 -10.530148 -12.215252
-10.420574 -10.157300 -9.223789
-8.769461 -9.149681 -103.652001
-9.078662 -9.121864 -103.910964
-9.004365 -8.942162 -63.859054
-9.044050 -8.973786 -7.296022
-7.213153 -7.575490 -102.455212
-7.487996 -7.391199 -10.504493
-7.287340 -6.985460 -9.160235
-7.379077 -7.523614 -7.613576
-5.713554 -6.414555 -77.682228
-5.427681 -5.284813 -8.514094
-5.207102 -5.664064 -98.513251
-5.721089 -5.974615 -29.380571
-4.574134 -7.289310 -80.556190
-4.753523 -4.420686 -10.852178
-4.350292 -5.429127 6.200102
-3.342106 -5.355540 -66.376987
-1.471143 -3.915891 -14.262300
-7.372313 5.990393 -44.773536
-1.758822 -2.103794 36.915441
8.807868 -3.285466 -22.541261
131.131388 12.791512 43.878879
36.463011 39.105710 -45.186837
15.293996 111.636448 32.503462
53.402333 47.992113 308.600842
-15.671197 -14.357683 -14.415201
-14.341247 -15.673243 -16.687706
-14.578673 -15.112078 -95.994004
-14.969283 -15.280847 -105.138280
-12.285123 -11.225457 -13.086767
-12.271945 -12.263857 -13.599746
-12.202405 -12.281587 -104.173377
-12.249924 -12.104477 -53.974603
-9.217846 -9.216577 -21.127966
-9.213460 -9.197281 -10.597793
-9.209913 -9.207684 -91.957633
-9.214616 -9.221445 -104.068190
-18.552320 -19.126928 -95.200116
-18.876194 -17.908085 -21.330951
-17.370747 -18.409497 -99.858644
-18.126646 -18.860247 -18.408203
-10.165496 -11.324311 -65.966535
-11.470068 -11.405124 -41.166343
-11.557093 -11.055498 -108.348835
-11.239233 -10.187733 -13.535802
-7.911072 -8.318750 -105.714681
-8.313552 -8.313937 -70.161086
-8.311516 -8.319187 -108.161595
-8.315546 -7.962517 -8.448713
-6.117846 -6.383944 -106.711426
-6.318351 -6.323407 -9.380130
-6.477824 -5.860464 -105.987601
-6.129967 -6.164754 -5.606677
-5.105265 -4.662243 6.717583
-7.653292 -8.953524 -6.748374
-5.860581 -4.531594 -40.030856
-4.908366 -2.229534 -103.929760
-1.698390 -4.474621 29.170748
-6.741055 -2.748083 -93.539929
-3.273701 -0.932320 -9.749206
-0.637957 6.451605 -26.103700
107.440320 19.768836 49.858737
52.292099 39.135243 -42.106561
17.006142 108.958045 1.135485
44.670468 49.953297 274.526888
